Simulated Data
bitemporal visual field loss


peripheral blind spot
left eye 9x8

99, 99,  5, 10, 26, 25, 99, 99, 99
99, 8, 6, 18, 27, 29, 28, 99, 99
12, 6, 8, 24, 30, 31, 30, 27, 99
14, 16, 28, 30, 32, 33, 32, 28, 27

18, 16, 30, 33, 33, 33, 31, 27, 25 
27, 30, 32, 32, 34, 34, 31, 28, 99
99, 29, 30, 30, 32, 30, 29, 99, 99
99, 99, 28, 28, 29, 28, 99, 99, 99


peripheral blind spot
right eye 9x8

99, 99, 99, 25, 26, 11, 6, 99, 99
99, 99, 27, 28, 27,  9, 11,  4, 99
99, 27, 30, 31, 29, 26,  3,  5, 12
25, 28, 32, 32, 32, 23, 24, 16, 15

23, 25, 30, 33, 31, 28, 25,  0, 18
99, 26, 29, 31, 29, 28, 26, 28, 23
99, 99, 28, 29, 27, 28, 30, 30, 99
99, 99, 99, 26, 24, 27, 25, 99, 99