Simulated Data
Threshold Test: 24-2
left and right central scotomas 

central scotoma and nasal scotoma 
left eye 9x8


99, 99, 25, 26,    27, 27, 99, 99, 99
99, 25, 28, 26,    27, 26, 28, 99, 99
27, 27, 26, 18,    28, 26, 26, 19, 99
31, 30, 24, 8,    10, 24, 25, 22,  0

29, 25, 24,  5,     0, 14, 12, 23, 20
30, 25, 29, 26,    18, 30, 29, 27, 99
99, 29, 28, 29,    29, 28, 26, 99, 99 
99, 99, 29, 28,    29, 30, 99, 99, 99


central scotoma offset temporally
right eye 9x8

99, 99, 99, 27, 26,    27, 28, 99, 99
99, 99, 28, 28, 28,    26, 28, 29, 99
99, 28, 27, 26, 28,    29, 28, 30, 27
30, 26, 27, 22,  5,    12, 29, 18, 30

29, 27, 29, 23, 9,      4, 14, 24, 30
99, 31, 28, 26, 14,    30, 27, 26, 27
99, 99, 29, 29, 27,    29, 29, 27, 99
99, 99, 99, 27, 27,    29, 28, 99, 99

